,data
842822,
842823,
842824,
842825,
842949,
842950,
842951,
842952,
842953,
842954,
842955,
842961,
843079,
843080,
843081,
843082,
843083,
843084,
843085,
843086,
843087,
843088,
843089,
843090,
843207,
843208,
843209,
843210,
843211,
843212,
843213,
843214,
843215,
843216,
843217,
843218,
843335,
843336,
843337,
843338,
843339,
843340,
843341,
843342,
843343,
843344,
843345,
843346,
843463,
843464,
843465,
843466,
843467,
843468,
843469,
843470,
843471,
843472,
843473,
843474,
843591,
843592,
843593,
843594,
843595,
843596,
843597,
843598,
843599,
843600,
843601,
843602,
843719,
843720,
843721,
843722,
843723,
843724,
843725,
843726,
843727,
843728,
843729,
843730,
843845,
843846,
843847,
843848,
843849,
843850,
843851,
843852,
843853,
843854,
843855,
843856,
843857,
843974,
843975,
843976,
843977,
843978,
843979,
843980,
843981,
843982,
843983,
843984,
843985,
859077,
859078,
859079,
859080,
859081,
859203,
859204,
859205,
859206,
859207,
859208,
859209,
859210,
859211,
859217,
859218,
859326,
859327,
859328,
859329,
859330,
859331,
859332,
859333,
859334,
859335,
859336,
859337,
859338,
859339,
859340,
859341,
859342,
859343,
859344,
859345,
859346,
859347,
859450,
859451,
859452,
859453,
859454,
859455,
859456,
859457,
859458,
859459,
859460,
859461,
859462,
859463,
859464,
859465,
859466,
859467,
859468,
859469,
859470,
859471,
859472,
859473,
859474,
859475,
859577,
859578,
859579,
859580,
859581,
859582,
859583,
859584,
859585,
859586,
859587,
859588,
859589,
859590,
859591,
859592,
859593,
859594,
859595,
859596,
859597,
859598,
859599,
859600,
859601,
859602,
859603,
859705,
859706,
859707,
859708,
859709,
859710,
859711,
859712,
859713,
859714,
859715,
859716,
859717,
859718,
859719,
859720,
859721,
859722,
859723,
859724,
859725,
859726,
859727,
859728,
859729,
859730,
859731,
859732,
859833,
859834,
859835,
859836,
859837,
859838,
859839,
859840,
859841,
859842,
859843,
859844,
859845,
859846,
859847,
859848,
859849,
859850,
859851,
859852,
859853,
859854,
859855,
859856,
859857,
859858,
859859,
859860,
859861,
859862,
859961,
859962,
859963,
859964,
859965,
859966,
859967,
859968,
859969,
859970,
859971,
859972,
859973,
859974,
859975,
859976,
859977,
859978,
859979,
859980,
859981,
859982,
859983,
859984,
859985,
859986,
859987,
859988,
859989,
859990,
860089,
860090,
860091,
860092,
860093,
860094,
860095,
860096,
860097,
860098,
860099,
860100,
860101,
860102,
860103,
860104,
860105,
860106,
860107,
860108,
860109,
860110,
860111,
860112,
860113,
860114,
860115,
860116,
860117,
860118,
860217,
860218,
860219,
860220,
860221,
860222,
860223,
860224,
860225,
860226,
860228,
860229,
860230,
860231,
860232,
860233,
860234,
860235,
860236,
860237,
860238,
860239,
860240,
860241,
860242,
860243,
860245,
860246,
860345,
860346,
860347,
860348,
860349,
860350,
860351,
860352,
860357,
860358,
860359,
860360,
860361,
860362,
860363,
860364,
860365,
860366,
860367,
860368,
860369,
860370,
860485,
860486,
860487,
860488,
860489,
860490,
860491,
860492,
860493,
860494,
860495,
860496,
860497,
860614,
860615,
860616,
860617,
860618,
860619,
860622,
875457,
875458,
875459,
875460,
875461,
875462,
875463,
875464,
875465,
875466,
875467,
875468,
875471,
875472,
875473,
875474,
875578,
875579,
875580,
875584,
875585,
875586,
875587,
875588,
875589,
875590,
875591,
875592,
875593,
875594,
875595,
875596,
875597,
875598,
875599,
875600,
875601,
875602,
875603,
875704,
875705,
875706,
875707,
875708,
875709,
875710,
875711,
875712,
875713,
875714,
875715,
875716,
875717,
875718,
875719,
875720,
875721,
875722,
875723,
875724,
875725,
875726,
875727,
875728,
875729,
875730,
875731,
875732,
875832,
875833,
875834,
875835,
875836,
875837,
875838,
875839,
875840,
875841,
875842,
875843,
875844,
875845,
875846,
875847,
875848,
875849,
875850,
875851,
875852,
875853,
875854,
875855,
875856,
875857,
875858,
875859,
875860,
875861,
875862,
875960,
875961,
875962,
875963,
875964,
875965,
875966,
875967,
875968,
875969,
875970,
875971,
875972,
875973,
875974,
875975,
875976,
875977,
875978,
875979,
875980,
875981,
875982,
875983,
875984,
875985,
875986,
875987,
875988,
875989,
875990,
876088,
876089,
876090,
876091,
876092,
876093,
876094,
876095,
876096,
876097,
876098,
876099,
876100,
876101,
876102,
876103,
876104,
876105,
876106,
876107,
876108,
876109,
876110,
876111,
876112,
876113,
876114,
876115,
876116,
876117,
876118,
876216,
876217,
876218,
876219,
876220,
876221,
876222,
876223,
876224,
876225,
876226,
876227,
876228,
876229,
876230,
876231,
876232,
876233,
876234,
876235,
876236,
876237,
876238,
876239,
876240,
876241,
876242,
876243,
876244,
876245,
876246,
876345,
876346,
876347,
876348,
876349,
876350,
876351,
876352,
876353,
876354,
876355,
876356,
876357,
876358,
876359,
876360,
876361,
876362,
876363,
876364,
876365,
876366,
876367,
876368,
876369,
876370,
876371,
876372,
876373,
876374,
876473,
876474,
876475,
876476,
876477,
876478,
876479,
876480,
876481,
876482,
876483,
876484,
876485,
876486,
876487,
876488,
876489,
876490,
876491,
876492,
876493,
876494,
876495,
876496,
876497,
876498,
876499,
876500,
876501,
876502,
876601,
876602,
876603,
876604,
876605,
876606,
876607,
876608,
876609,
876610,
876611,
876612,
876613,
876614,
876615,
876616,
876617,
876618,
876619,
876620,
876621,
876622,
876623,
876624,
876625,
876626,
876627,
876628,
876629,
876630,
876729,
876730,
876731,
876732,
876733,
876734,
876735,
876736,
876737,
876738,
876739,
876740,
876741,
876742,
876743,
876744,
876745,
876746,
876747,
876748,
876749,
876750,
876751,
876752,
876753,
876754,
876755,
876756,
876757,
876758,
876857,
876858,
876859,
876860,
876861,
876863,
876864,
876865,
876866,
876867,
876868,
876869,
876870,
876871,
876872,
876873,
876874,
876875,
876876,
876877,
876878,
876879,
876880,
876881,
876882,
876883,
876884,
876996,
876997,
876998,
876999,
877000,
877001,
877002,
877003,
877004,
877007,
877008,
877009,
877134,
891716,
891717,
891718,
891719,
891720,
891721,
891722,
891723,
891724,
891725,
891726,
891727,
891728,
891729,
891730,
891833,
891834,
891835,
891836,
891843,
891844,
891845,
891846,
891847,
891848,
891849,
891850,
891851,
891852,
891853,
891854,
891855,
891856,
891857,
891858,
891859,
891960,
891961,
891962,
891963,
891964,
891965,
891966,
891967,
891968,
891969,
891970,
891971,
891972,
891973,
891974,
891975,
891976,
891977,
891978,
891979,
891980,
891981,
891982,
891983,
891984,
891985,
891986,
891987,
891988,
892087,
892088,
892089,
892090,
892091,
892092,
892093,
892094,
892095,
892096,
892097,
892098,
892099,
892100,
892101,
892102,
892103,
892104,
892105,
892106,
892107,
892108,
892109,
892110,
892111,
892112,
892113,
892114,
892115,
892116,
892117,
892118,
892215,
892216,
892217,
892218,
892219,
892220,
892221,
892222,
892223,
892224,
892225,
892226,
892227,
892228,
892229,
892230,
892231,
892232,
892233,
892234,
892235,
892236,
892237,
892238,
892239,
892240,
892241,
892242,
892243,
892244,
892245,
892246,
892344,
892345,
892346,
892347,
892348,
892349,
892350,
892351,
892352,
892353,
892354,
892355,
892356,
892357,
892358,
892359,
892360,
892361,
892362,
892363,
892364,
892365,
892366,
892367,
892368,
892369,
892370,
892371,
892372,
892373,
892374,
892472,
892473,
892474,
892475,
892476,
892477,
892478,
892479,
892480,
892481,
892482,
892483,
892484,
892485,
892486,
892487,
892488,
892489,
892490,
892491,
892492,
892493,
892494,
892495,
892496,
892497,
892498,
892499,
892500,
892501,
892502,
892600,
892601,
892602,
892603,
892604,
892605,
892606,
892607,
892608,
892609,
892610,
892611,
892612,
892613,
892614,
892615,
892616,
892617,
892618,
892619,
892620,
892621,
892622,
892623,
892624,
892625,
892626,
892627,
892628,
892629,
892630,
892728,
892729,
892730,
892731,
892732,
892733,
892734,
892735,
892736,
892737,
892738,
892739,
892740,
892741,
892742,
892743,
892744,
892745,
892746,
892747,
892748,
892749,
892750,
892751,
892752,
892753,
892754,
892755,
892756,
892757,
892758,
892857,
892858,
892859,
892860,
892861,
892862,
892863,
892864,
892865,
892866,
892867,
892868,
892869,
892870,
892871,
892872,
892873,
892874,
892875,
892876,
892877,
892878,
892879,
892880,
892881,
892882,
892883,
892884,
892885,
892886,
892985,
892986,
892987,
892988,
892989,
892990,
892991,
892992,
892993,
892994,
892995,
892996,
892997,
892998,
892999,
893000,
893001,
893002,
893003,
893004,
893005,
893006,
893007,
893008,
893009,
893010,
893011,
893012,
893013,
893014,
893113,
893114,
893115,
893116,
893117,
893118,
893119,
893120,
893121,
893122,
893123,
893124,
893125,
893126,
893127,
893128,
893129,
893130,
893131,
893132,
893133,
893134,
893135,
893136,
893137,
893138,
893139,
893140,
893141,
893142,
893241,
893242,
893243,
893244,
893245,
893246,
893247,
893248,
893249,
893250,
893251,
893252,
893253,
893254,
893255,
893256,
893257,
893258,
893259,
893260,
893261,
893262,
893263,
893264,
893265,
893266,
893267,
893268,
893269,
893270,
893378,
893379,
893380,
893381,
893382,
893383,
893384,
893385,
893386,
893387,
893388,
893389,
893390,
893391,
893392,
893393,
893394,
893395,
893396,
893397,
893398,
893512,
893513,
893514,
893515,
893516,
907972,
907973,
907974,
907975,
907978,
907979,
907980,
907981,
907982,
907983,
907984,
908091,
908092,
908093,
908099,
908100,
908101,
908102,
908103,
908104,
908105,
908106,
908107,
908108,
908109,
908110,
908111,
908112,
908113,
908114,
908216,
908217,
908218,
908219,
908220,
908221,
908222,
908223,
908224,
908225,
908226,
908227,
908228,
908229,
908230,
908231,
908232,
908233,
908234,
908235,
908236,
908237,
908238,
908239,
908240,
908241,
908242,
908243,
908343,
908344,
908345,
908346,
908347,
908348,
908349,
908350,
908351,
908352,
908353,
908354,
908355,
908356,
908357,
908358,
908359,
908360,
908361,
908362,
908363,
908364,
908365,
908366,
908367,
908368,
908369,
908370,
908371,
908372,
908373,
908470,
908471,
908472,
908473,
908474,
908475,
908476,
908477,
908478,
908479,
908480,
908481,
908482,
908483,
908484,
908485,
908486,
908487,
908488,
908489,
908490,
908491,
908492,
908493,
908494,
908495,
908496,
908497,
908498,
908499,
908500,
908501,
908502,
908593,
908594,
908595,
908596,
908597,
908598,
908599,
908600,
908601,
908602,
908603,
908604,
908605,
908606,
908607,
908608,
908609,
908610,
908611,
908612,
908613,
908614,
908615,
908616,
908617,
908618,
908619,
908620,
908621,
908622,
908623,
908624,
908625,
908626,
908627,
908628,
908629,
908630,
908721,
908722,
908723,
908724,
908725,
908726,
908727,
908728,
908729,
908730,
908731,
908732,
908733,
908734,
908735,
908736,
908737,
908738,
908739,
908740,
908741,
908742,
908743,
908744,
908745,
908746,
908747,
908748,
908749,
908750,
908751,
908752,
908753,
908754,
908755,
908756,
908757,
908758,
908849,
908850,
908851,
908852,
908853,
908854,
908855,
908856,
908857,
908858,
908859,
908860,
908861,
908862,
908863,
908864,
908865,
908866,
908867,
908868,
908869,
908870,
908871,
908872,
908873,
908874,
908875,
908876,
908877,
908878,
908879,
908880,
908881,
908882,
908883,
908884,
908885,
908886,
908977,
908978,
908983,
908984,
908985,
908986,
908987,
908988,
908989,
908990,
908991,
908992,
908993,
908994,
908995,
908996,
908997,
908998,
908999,
909000,
909001,
909002,
909003,
909004,
909005,
909006,
909007,
909008,
909009,
909010,
909011,
909012,
909013,
909014,
909112,
909113,
909114,
909115,
909116,
909117,
909118,
909119,
909120,
909121,
909122,
909123,
909124,
909125,
909126,
909127,
909128,
909129,
909130,
909131,
909132,
909133,
909134,
909135,
909136,
909137,
909138,
909139,
909140,
909141,
909142,
909240,
909241,
909242,
909243,
909244,
909245,
909246,
909247,
909248,
909249,
909250,
909251,
909252,
909253,
909254,
909255,
909256,
909257,
909258,
909259,
909260,
909261,
909262,
909263,
909264,
909265,
909266,
909267,
909268,
909269,
909270,
909369,
909370,
909371,
909372,
909373,
909374,
909375,
909376,
909377,
909378,
909379,
909380,
909381,
909382,
909383,
909384,
909385,
909386,
909387,
909388,
909389,
909390,
909391,
909392,
909393,
909394,
909395,
909396,
909397,
909398,
909497,
909498,
909499,
909500,
909501,
909502,
909503,
909504,
909505,
909506,
909507,
909508,
909509,
909510,
909511,
909512,
909513,
909514,
909515,
909516,
909517,
909518,
909519,
909520,
909521,
909522,
909523,
909524,
909525,
909526,
909625,
909626,
909627,
909628,
909629,
909630,
909631,
909632,
909633,
909634,
909635,
909636,
909637,
909638,
909639,
909640,
909641,
909642,
909643,
909644,
909645,
909646,
909647,
909648,
909649,
909650,
909651,
909652,
909653,
909654,
909761,
909762,
909763,
909764,
909765,
909766,
909767,
909768,
909769,
909770,
909771,
909772,
909773,
909774,
909775,
909776,
909777,
909778,
909779,
909780,
909781,
909782,
909892,
909893,
909894,
909895,
909896,
909897,
909898,
909899,
909900,
924228,
924229,
924230,
924231,
924234,
924235,
924236,
924237,
924238,
924354,
924355,
924356,
924357,
924358,
924359,
924360,
924361,
924362,
924363,
924364,
924365,
924366,
924367,
924368,
924369,
924476,
924477,
924478,
924479,
924480,
924481,
924482,
924483,
924484,
924485,
924486,
924487,
924488,
924489,
924490,
924491,
924492,
924493,
924494,
924495,
924496,
924497,
924498,
924600,
924601,
924602,
924603,
924604,
924605,
924606,
924607,
924608,
924609,
924610,
924611,
924612,
924613,
924614,
924615,
924616,
924617,
924618,
924619,
924620,
924621,
924622,
924623,
924624,
924625,
924626,
924627,
924628,
924726,
924727,
924728,
924729,
924730,
924731,
924732,
924733,
924734,
924735,
924736,
924737,
924738,
924739,
924740,
924741,
924742,
924743,
924744,
924745,
924746,
924747,
924748,
924749,
924750,
924751,
924752,
924753,
924754,
924755,
924756,
924757,
924758,
924849,
924850,
924851,
924852,
924853,
924854,
924855,
924856,
924857,
924858,
924859,
924860,
924861,
924862,
924863,
924864,
924865,
924866,
924867,
924868,
924869,
924870,
924871,
924872,
924873,
924874,
924875,
924876,
924877,
924878,
924879,
924880,
924881,
924882,
924883,
924884,
924885,
924886,
924977,
924978,
924979,
924980,
924981,
924982,
924983,
924984,
924985,
924986,
924987,
924988,
924989,
924990,
924991,
924992,
924993,
924994,
924995,
924996,
924997,
924998,
924999,
925000,
925001,
925002,
925003,
925004,
925005,
925006,
925007,
925008,
925009,
925010,
925011,
925012,
925013,
925014,
925105,
925106,
925107,
925108,
925109,
925110,
925111,
925112,
925113,
925114,
925115,
925116,
925117,
925118,
925119,
925120,
925121,
925122,
925123,
925124,
925125,
925126,
925127,
925128,
925129,
925130,
925131,
925132,
925133,
925134,
925135,
925136,
925137,
925138,
925139,
925140,
925141,
925142,
925233,
925234,
925235,
925236,
925237,
925238,
925239,
925240,
925241,
925242,
925243,
925244,
925245,
925246,
925247,
925248,
925249,
925250,
925251,
925252,
925253,
925254,
925255,
925256,
925257,
925258,
925259,
925260,
925261,
925262,
925263,
925264,
925265,
925266,
925267,
925268,
925269,
925270,
925361,
925362,
925363,
925364,
925365,
925366,
925367,
925368,
925369,
925370,
925371,
925372,
925373,
925374,
925375,
925376,
925377,
925378,
925379,
925380,
925381,
925382,
925383,
925384,
925385,
925386,
925387,
925388,
925389,
925390,
925391,
925392,
925393,
925394,
925395,
925396,
925397,
925398,
925495,
925496,
925497,
925498,
925499,
925500,
925501,
925502,
925503,
925504,
925505,
925506,
925507,
925508,
925509,
925510,
925511,
925512,
925513,
925514,
925515,
925516,
925517,
925518,
925519,
925520,
925521,
925522,
925523,
925524,
925525,
925526,
925624,
925625,
925626,
925627,
925628,
925629,
925630,
925631,
925632,
925633,
925634,
925635,
925636,
925637,
925638,
925639,
925640,
925641,
925642,
925643,
925644,
925645,
925646,
925647,
925648,
925649,
925650,
925651,
925652,
925653,
925654,
925753,
925754,
925755,
925756,
925757,
925758,
925759,
925760,
925761,
925762,
925763,
925764,
925765,
925766,
925767,
925768,
925769,
925770,
925771,
925772,
925773,
925774,
925775,
925776,
925777,
925778,
925779,
925780,
925781,
925782,
925881,
925882,
925883,
925884,
925885,
925886,
925887,
925888,
925889,
925890,
925891,
925892,
925893,
925894,
925895,
925896,
925897,
925898,
925899,
925900,
925901,
925902,
925903,
925904,
925905,
925906,
925907,
925908,
925909,
925910,
926009,
926010,
926011,
926012,
926013,
926014,
926015,
926016,
926017,
926018,
926019,
926020,
926021,
926022,
926023,
926024,
926025,
926026,
926027,
926028,
926029,
926030,
926031,
926032,
926033,
926034,
926035,
926036,
926037,
926038,
926144,
926145,
926146,
926147,
926148,
926149,
926150,
926151,
926152,
926153,
926154,
926155,
926156,
926157,
926158,
926159,
926160,
926161,
926162,
926163,
926164,
926165,
926166,
926275,
926276,
926277,
926278,
926279,
926280,
926281,
926282,
926283,
926284,
940484,
940485,
940486,
940487,
940488,
940489,
940490,
940491,
940492,
940493,
940610,
940611,
940612,
940613,
940614,
940615,
940616,
940617,
940618,
940619,
940620,
940621,
940622,
940623,
940624,
940737,
940738,
940739,
940740,
940741,
940742,
940743,
940744,
940745,
940746,
940747,
940748,
940749,
940750,
940751,
940752,
940753,
940754,
940856,
940857,
940858,
940859,
940860,
940861,
940862,
940863,
940864,
940865,
940866,
940867,
940868,
940869,
940870,
940871,
940872,
940873,
940874,
940875,
940876,
940877,
940878,
940879,
940880,
940881,
940882,
940883,
940983,
940984,
940985,
940986,
940987,
940988,
940989,
940990,
940991,
940992,
940993,
940994,
940995,
940996,
940997,
940998,
940999,
941000,
941001,
941002,
941003,
941004,
941005,
941006,
941007,
941008,
941009,
941010,
941011,
941012,
941013,
941106,
941107,
941108,
941109,
941110,
941111,
941112,
941113,
941114,
941115,
941116,
941117,
941118,
941119,
941120,
941121,
941122,
941123,
941124,
941125,
941126,
941127,
941128,
941129,
941130,
941131,
941132,
941133,
941134,
941135,
941136,
941137,
941138,
941139,
941140,
941141,
941142,
941234,
941235,
941236,
941237,
941238,
941239,
941240,
941241,
941242,
941243,
941244,
941245,
941246,
941247,
941248,
941249,
941250,
941251,
941252,
941253,
941254,
941255,
941256,
941257,
941258,
941259,
941260,
941261,
941262,
941263,
941264,
941265,
941266,
941267,
941268,
941269,
941270,
941362,
941363,
941364,
941365,
941366,
941367,
941368,
941369,
941370,
941371,
941372,
941373,
941374,
941375,
941376,
941377,
941378,
941379,
941380,
941381,
941382,
941383,
941384,
941385,
941386,
941387,
941388,
941389,
941390,
941391,
941392,
941393,
941394,
941395,
941396,
941397,
941398,
941490,
941491,
941492,
941493,
941494,
941495,
941496,
941497,
941498,
941499,
941500,
941501,
941502,
941503,
941504,
941505,
941506,
941507,
941508,
941509,
941510,
941511,
941512,
941513,
941514,
941515,
941516,
941517,
941518,
941519,
941520,
941521,
941522,
941523,
941524,
941525,
941526,
941617,
941618,
941619,
941620,
941621,
941622,
941623,
941624,
941625,
941626,
941627,
941628,
941629,
941630,
941631,
941632,
941633,
941634,
941635,
941636,
941637,
941638,
941639,
941640,
941641,
941642,
941643,
941644,
941645,
941646,
941647,
941648,
941649,
941650,
941651,
941652,
941653,
941654,
941745,
941746,
941747,
941748,
941749,
941750,
941751,
941752,
941753,
941754,
941755,
941756,
941757,
941758,
941759,
941760,
941761,
941762,
941763,
941764,
941765,
941766,
941767,
941768,
941769,
941770,
941771,
941772,
941773,
941774,
941775,
941776,
941777,
941778,
941779,
941780,
941781,
941782,
941875,
941876,
941877,
941878,
941879,
941880,
941881,
941882,
941883,
941884,
941885,
941886,
941887,
941888,
941889,
941890,
941891,
941892,
941893,
941894,
941895,
941896,
941897,
941898,
941899,
941900,
941901,
941902,
941903,
941904,
941905,
941906,
941907,
941908,
941909,
941910,
942009,
942010,
942011,
942012,
942013,
942014,
942015,
942016,
942017,
942018,
942019,
942020,
942021,
942022,
942023,
942024,
942025,
942026,
942027,
942028,
942029,
942030,
942031,
942032,
942033,
942034,
942035,
942036,
942037,
942038,
942138,
942139,
942140,
942141,
942142,
942143,
942144,
942145,
942146,
942147,
942148,
942149,
942150,
942151,
942152,
942153,
942154,
942155,
942156,
942157,
942158,
942159,
942160,
942161,
942162,
942163,
942164,
942165,
942166,
942265,
942266,
942267,
942268,
942269,
942270,
942271,
942272,
942273,
942274,
942275,
942276,
942277,
942278,
942279,
942280,
942281,
942282,
942283,
942284,
942285,
942286,
942287,
942288,
942289,
942290,
942291,
942292,
942293,
942294,
942393,
942394,
942396,
942397,
942398,
942399,
942400,
942401,
942402,
942403,
942404,
942405,
942406,
942407,
942408,
942409,
942410,
942411,
942412,
942413,
942414,
942415,
942416,
942417,
942418,
942419,
942420,
942421,
942422,
942528,
942529,
942530,
942531,
942532,
942533,
942534,
942535,
942536,
942537,
942538,
942539,
942540,
942542,
942543,
942544,
942545,
942546,
942547,
942548,
942549,
942550,
942659,
942660,
942661,
942662,
942663,
942664,
942665,
942666,
942667,
942789,
956740,
956741,
956742,
956743,
956744,
956745,
956746,
956747,
956866,
956867,
956868,
956869,
956870,
956871,
956872,
956873,
956874,
956875,
956876,
956877,
956878,
956879,
956993,
956994,
956995,
956996,
956997,
956998,
956999,
957000,
957001,
957002,
957003,
957004,
957005,
957006,
957007,
957008,
957115,
957116,
957117,
957118,
957119,
957120,
957121,
957122,
957123,
957124,
957125,
957126,
957127,
957128,
957129,
957130,
957131,
957132,
957133,
957134,
957135,
957136,
957137,
957138,
957239,
957240,
957241,
957242,
957243,
957244,
957245,
957246,
957247,
957248,
957249,
957250,
957251,
957252,
957253,
957254,
957255,
957256,
957257,
957258,
957259,
957260,
957261,
957262,
957263,
957264,
957265,
957266,
957267,
957362,
957363,
957364,
957365,
957366,
957367,
957368,
957369,
957370,
957371,
957372,
957373,
957374,
957375,
957376,
957377,
957378,
957379,
957380,
957381,
957382,
957383,
957384,
957385,
957386,
957387,
957388,
957389,
957390,
957391,
957392,
957393,
957394,
957395,
957396,
957397,
957398,
957490,
957491,
957492,
957493,
957494,
957495,
957496,
957497,
957498,
957499,
957500,
957501,
957502,
957503,
957504,
957505,
957506,
957507,
957508,
957509,
957510,
957511,
957512,
957513,
957514,
957515,
957516,
957517,
957518,
957519,
957520,
957521,
957522,
957523,
957524,
957525,
957526,
957618,
957619,
957620,
957621,
957622,
957623,
957624,
957625,
957626,
957627,
957628,
957629,
957630,
957631,
957632,
957633,
957634,
957635,
957636,
957637,
957638,
957639,
957640,
957641,
957642,
957643,
957644,
957645,
957646,
957647,
957648,
957649,
957650,
957651,
957652,
957653,
957654,
957746,
957747,
957748,
957749,
957750,
957751,
957752,
957753,
957754,
957755,
957756,
957757,
957758,
957759,
957760,
957761,
957762,
957763,
957764,
957765,
957766,
957767,
957768,
957769,
957770,
957771,
957772,
957773,
957774,
957775,
957776,
957777,
957778,
957779,
957780,
957781,
957782,
957874,
957875,
957876,
957877,
957878,
957879,
957880,
957881,
957882,
957883,
957884,
957885,
957886,
957887,
957888,
957889,
957890,
957891,
957892,
957893,
957894,
957895,
957896,
957897,
957898,
957899,
957900,
957901,
957902,
957903,
957904,
957905,
957906,
957907,
957908,
957909,
957910,
958002,
958003,
958004,
958005,
958006,
958007,
958008,
958009,
958010,
958011,
958012,
958013,
958014,
958015,
958016,
958017,
958018,
958019,
958020,
958021,
958022,
958023,
958024,
958025,
958026,
958027,
958028,
958029,
958030,
958031,
958032,
958033,
958034,
958035,
958036,
958037,
958038,
958129,
958130,
958131,
958132,
958133,
958134,
958135,
958136,
958137,
958138,
958139,
958140,
958141,
958142,
958143,
958144,
958145,
958146,
958147,
958148,
958149,
958150,
958151,
958152,
958153,
958154,
958155,
958156,
958157,
958158,
958159,
958160,
958161,
958162,
958163,
958164,
958165,
958166,
958259,
958260,
958261,
958262,
958263,
958264,
958265,
958266,
958267,
958268,
958269,
958270,
958271,
958272,
958273,
958274,
958275,
958276,
958277,
958278,
958279,
958280,
958281,
958282,
958283,
958284,
958285,
958286,
958287,
958288,
958289,
958290,
958291,
958292,
958293,
958294,
958393,
958394,
958395,
958396,
958397,
958398,
958399,
958400,
958401,
958402,
958403,
958404,
958405,
958406,
958407,
958408,
958409,
958410,
958411,
958412,
958413,
958414,
958415,
958416,
958417,
958418,
958419,
958420,
958421,
958422,
958522,
958523,
958524,
958525,
958526,
958527,
958528,
958529,
958530,
958531,
958532,
958533,
958534,
958535,
958536,
958537,
958538,
958539,
958540,
958541,
958542,
958543,
958544,
958545,
958546,
958547,
958548,
958549,
958550,
958649,
958650,
958651,
958652,
958653,
958654,
958655,
958656,
958657,
958658,
958659,
958660,
958661,
958662,
958663,
958664,
958665,
958666,
958667,
958668,
958669,
958670,
958671,
958672,
958673,
958674,
958675,
958676,
958677,
958678,
958782,
958783,
958784,
958785,
958786,
958787,
958788,
958789,
958790,
958791,
958792,
958793,
958794,
958795,
958796,
958797,
958798,
958799,
958800,
958801,
958802,
958803,
958804,
958805,
958806,
958912,
958913,
958914,
958915,
958916,
958917,
958918,
958919,
958920,
958921,
958922,
958923,
958924,
958926,
958927,
958928,
958929,
958930,
958931,
958932,
958933,
958934,
959043,
959044,
959045,
959046,
959047,
959048,
959049,
959050,
959051,
972995,
972996,
972997,
972998,
972999,
973000,
973122,
973123,
973124,
973125,
973126,
973127,
973128,
973129,
973130,
973131,
973132,
973249,
973250,
973251,
973252,
973253,
973254,
973255,
973256,
973257,
973258,
973259,
973260,
973261,
973262,
973263,
973371,
973372,
973373,
973374,
973375,
973376,
973377,
973378,
973379,
973380,
973381,
973382,
973383,
973384,
973385,
973386,
973387,
973388,
973389,
973390,
973391,
973392,
973393,
973498,
973499,
973500,
973501,
973502,
973503,
973504,
973505,
973506,
973507,
973508,
973509,
973510,
973511,
973512,
973513,
973514,
973515,
973516,
973517,
973518,
973519,
973520,
973521,
973522,
973523,
973622,
973623,
973624,
973625,
973626,
973627,
973628,
973629,
973630,
973631,
973632,
973633,
973634,
973635,
973636,
973637,
973638,
973639,
973640,
973641,
973642,
973643,
973644,
973645,
973646,
973647,
973648,
973649,
973650,
973651,
973652,
973746,
973747,
973748,
973749,
973750,
973751,
973752,
973753,
973754,
973755,
973756,
973757,
973758,
973759,
973760,
973761,
973762,
973763,
973764,
973765,
973766,
973767,
973768,
973769,
973770,
973771,
973772,
973773,
973774,
973775,
973776,
973777,
973778,
973779,
973780,
973781,
973782,
973874,
973875,
973876,
973877,
973878,
973879,
973880,
973881,
973882,
973883,
973884,
973885,
973886,
973887,
973888,
973889,
973890,
973891,
973892,
973893,
973894,
973895,
973896,
973897,
973898,
973899,
973900,
973901,
973902,
973903,
973904,
973905,
973906,
973907,
973908,
973909,
973910,
974002,
974003,
974004,
974005,
974006,
974007,
974008,
974009,
974010,
974011,
974012,
974013,
974014,
974015,
974016,
974017,
974018,
974019,
974020,
974021,
974022,
974023,
974024,
974025,
974026,
974027,
974028,
974029,
974030,
974031,
974032,
974033,
974034,
974035,
974036,
974037,
974038,
974130,
974131,
974132,
974133,
974134,
974135,
974136,
974137,
974138,
974139,
974140,
974141,
974142,
974143,
974144,
974145,
974146,
974147,
974148,
974149,
974150,
974151,
974152,
974153,
974154,
974155,
974156,
974157,
974158,
974159,
974160,
974161,
974162,
974163,
974164,
974165,
974166,
974258,
974259,
974260,
974261,
974262,
974263,
974264,
974265,
974266,
974267,
974268,
974269,
974270,
974271,
974272,
974273,
974274,
974275,
974276,
974277,
974278,
974279,
974280,
974281,
974282,
974283,
974284,
974285,
974286,
974287,
974288,
974289,
974290,
974291,
974292,
974293,
974294,
974386,
974387,
974388,
974389,
974390,
974391,
974392,
974393,
974394,
974395,
974396,
974397,
974398,
974399,
974400,
974401,
974402,
974403,
974404,
974405,
974406,
974407,
974408,
974409,
974410,
974411,
974412,
974413,
974414,
974415,
974416,
974417,
974418,
974419,
974420,
974421,
974422,
974513,
974514,
974515,
974516,
974517,
974518,
974519,
974520,
974521,
974522,
974523,
974524,
974525,
974526,
974527,
974528,
974529,
974530,
974531,
974532,
974533,
974534,
974535,
974536,
974537,
974538,
974539,
974540,
974541,
974542,
974543,
974544,
974545,
974546,
974547,
974548,
974549,
974550,
974647,
974648,
974649,
974650,
974651,
974652,
974653,
974654,
974655,
974656,
974657,
974658,
974659,
974660,
974661,
974662,
974663,
974664,
974665,
974666,
974667,
974668,
974669,
974670,
974671,
974672,
974673,
974674,
974675,
974676,
974677,
974678,
974776,
974777,
974778,
974779,
974780,
974781,
974782,
974783,
974784,
974785,
974786,
974787,
974788,
974789,
974790,
974791,
974792,
974793,
974794,
974795,
974796,
974797,
974798,
974799,
974800,
974801,
974802,
974803,
974804,
974805,
974806,
974905,
974906,
974907,
974908,
974909,
974910,
974911,
974912,
974913,
974914,
974915,
974916,
974917,
974918,
974919,
974920,
974921,
974922,
974923,
974924,
974925,
974926,
974927,
974928,
974929,
974930,
974931,
974932,
974933,
974934,
975035,
975036,
975037,
975038,
975039,
975040,
975041,
975042,
975043,
975044,
975045,
975046,
975047,
975048,
975049,
975050,
975051,
975052,
975053,
975054,
975055,
975056,
975057,
975058,
975059,
975060,
975061,
975062,
975165,
975167,
975168,
975169,
975170,
975171,
975172,
975173,
975174,
975175,
975176,
975177,
975178,
975179,
975180,
975181,
975182,
975183,
975184,
975185,
975186,
975187,
975188,
975189,
975190,
975297,
975298,
975299,
975300,
975301,
975302,
975303,
975304,
975305,
975306,
975307,
975308,
975309,
975310,
975311,
975312,
975313,
975314,
975315,
975428,
975429,
975430,
975431,
975432,
975433,
989378,
989379,
989380,
989381,
989382,
989383,
989384,
989385,
989386,
989505,
989506,
989507,
989508,
989509,
989510,
989511,
989512,
989513,
989514,
989515,
989516,
989517,
989627,
989628,
989629,
989630,
989631,
989632,
989633,
989634,
989635,
989636,
989637,
989638,
989639,
989640,
989641,
989642,
989643,
989644,
989645,
989646,
989647,
989648,
989754,
989755,
989756,
989757,
989758,
989759,
989760,
989761,
989762,
989763,
989764,
989765,
989766,
989767,
989768,
989769,
989770,
989771,
989772,
989773,
989774,
989775,
989776,
989777,
989880,
989881,
989882,
989883,
989884,
989885,
989886,
989887,
989888,
989889,
989890,
989891,
989892,
989893,
989894,
989895,
989896,
989897,
989898,
989899,
989900,
989901,
989902,
989903,
989904,
989905,
989906,
989907,
989908,
990004,
990005,
990006,
990007,
990008,
990009,
990010,
990011,
990012,
990013,
990014,
990015,
990016,
990017,
990018,
990019,
990020,
990021,
990022,
990023,
990024,
990025,
990026,
990027,
990028,
990029,
990030,
990031,
990032,
990033,
990034,
990035,
990036,
990037,
990038,
990130,
990131,
990132,
990133,
990134,
990135,
990136,
990137,
990138,
990139,
990140,
990141,
990142,
990143,
990144,
990145,
990146,
990147,
990148,
990149,
990150,
990151,
990152,
990153,
990154,
990155,
990156,
990157,
990158,
990159,
990160,
990161,
990162,
990163,
990164,
990165,
990166,
990258,
990259,
990260,
990261,
990262,
990263,
990264,
990265,
990266,
990267,
990268,
990269,
990270,
990271,
990272,
990273,
990274,
990275,
990276,
990277,
990278,
990279,
990280,
990281,
990282,
990283,
990284,
990285,
990286,
990287,
990288,
990289,
990290,
990291,
990292,
990293,
990294,
990386,
990387,
990388,
990389,
990390,
990391,
990392,
990393,
990394,
990395,
990396,
990397,
990398,
990399,
990400,
990401,
990402,
990403,
990404,
990405,
990406,
990407,
990408,
990409,
990410,
990411,
990412,
990413,
990414,
990415,
990416,
990417,
990418,
990419,
990420,
990421,
990422,
990514,
990515,
990516,
990517,
990518,
990519,
990520,
990521,
990522,
990523,
990524,
990525,
990526,
990527,
990528,
990529,
990530,
990531,
990532,
990533,
990534,
990535,
990536,
990537,
990538,
990539,
990540,
990541,
990542,
990543,
990544,
990545,
990546,
990547,
990548,
990549,
990550,
990642,
990643,
990644,
990645,
990646,
990647,
990648,
990649,
990650,
990651,
990652,
990653,
990654,
990655,
990656,
990657,
990658,
990659,
990660,
990661,
990662,
990663,
990664,
990665,
990666,
990667,
990668,
990669,
990670,
990671,
990672,
990673,
990674,
990675,
990676,
990677,
990678,
990770,
990771,
990772,
990773,
990774,
990775,
990776,
990777,
990778,
990779,
990780,
990781,
990782,
990783,
990784,
990785,
990786,
990787,
990788,
990789,
990790,
990791,
990792,
990793,
990794,
990795,
990796,
990797,
990798,
990799,
990800,
990801,
990802,
990803,
990804,
990805,
990806,
990897,
990898,
990899,
990900,
990901,
990902,
990903,
990904,
990905,
990906,
990907,
990908,
990909,
990910,
990911,
990912,
990913,
990914,
990915,
990916,
990917,
990918,
990919,
990920,
990921,
990922,
990923,
990924,
990925,
990926,
990927,
990928,
990929,
990930,
990931,
990932,
990933,
990934,
991031,
991032,
991033,
991034,
991035,
991036,
991037,
991038,
991039,
991040,
991041,
991042,
991043,
991044,
991045,
991046,
991047,
991048,
991049,
991050,
991051,
991052,
991053,
991054,
991055,
991056,
991057,
991058,
991059,
991060,
991061,
991062,
991160,
991161,
991162,
991163,
991164,
991165,
991166,
991167,
991168,
991169,
991170,
991171,
991172,
991173,
991174,
991175,
991176,
991177,
991178,
991179,
991180,
991181,
991182,
991183,
991184,
991185,
991186,
991187,
991188,
991189,
991190,
991288,
991289,
991290,
991291,
991292,
991293,
991294,
991295,
991296,
991297,
991298,
991299,
991300,
991301,
991302,
991303,
991304,
991305,
991306,
991307,
991308,
991309,
991310,
991311,
991312,
991313,
991314,
991315,
991316,
991317,
991318,
991419,
991420,
991421,
991422,
991423,
991424,
991425,
991426,
991427,
991428,
991429,
991430,
991431,
991432,
991433,
991434,
991435,
991436,
991437,
991438,
991439,
991440,
991441,
991442,
991443,
991444,
991445,
991446,
991550,
991551,
991552,
991553,
991554,
991555,
991556,
991557,
991558,
991559,
991560,
991561,
991562,
991563,
991564,
991565,
991566,
991567,
991568,
991569,
991570,
991571,
991684,
991685,
991686,
991687,
991688,
991689,
991690,
991691,
991692,
991693,
1005636,
1005637,
1005638,
1005763,
1005764,
1005765,
1005766,
1005767,
1005768,
1005769,
1005770,
1005771,
1005772,
1005885,
1005886,
1005887,
1005888,
1005889,
1005890,
1005891,
1005892,
1005893,
1005894,
1005895,
1005896,
1005897,
1005898,
1005899,
1005900,
1005901,
1005902,
1005903,
1006012,
1006013,
1006014,
1006015,
1006016,
1006017,
1006018,
1006019,
1006020,
1006021,
1006022,
1006023,
1006024,
1006025,
1006026,
1006027,
1006028,
1006029,
1006030,
1006031,
1006032,
1006137,
1006138,
1006139,
1006140,
1006141,
1006142,
1006143,
1006144,
1006145,
1006146,
1006147,
1006148,
1006149,
1006150,
1006151,
1006152,
1006153,
1006154,
1006155,
1006156,
1006157,
1006158,
1006159,
1006160,
1006161,
1006262,
1006264,
1006265,
1006266,
1006267,
1006268,
1006269,
1006270,
1006271,
1006272,
1006273,
1006274,
1006275,
1006276,
1006277,
1006278,
1006279,
1006280,
1006281,
1006282,
1006283,
1006284,
1006285,
1006286,
1006287,
1006288,
1006289,
1006290,
1006291,
1006292,
1006293,
1006294,
1006388,
1006389,
1006390,
1006391,
1006392,
1006393,
1006394,
1006395,
1006396,
1006397,
1006398,
1006399,
1006400,
1006401,
1006402,
1006403,
1006404,
1006405,
1006406,
1006407,
1006408,
1006409,
1006410,
1006411,
1006412,
1006413,
1006414,
1006415,
1006416,
1006417,
1006418,
1006419,
1006420,
1006421,
1006422,
1006515,
1006516,
1006517,
1006518,
1006519,
1006520,
1006521,
1006522,
1006523,
1006524,
1006525,
1006526,
1006527,
1006528,
1006529,
1006530,
1006531,
1006532,
1006533,
1006534,
1006535,
1006536,
1006537,
1006538,
1006539,
1006540,
1006541,
1006542,
1006543,
1006544,
1006545,
1006546,
1006547,
1006548,
1006549,
1006550,
1006642,
1006643,
1006644,
1006645,
1006646,
1006647,
1006648,
1006649,
1006650,
1006651,
1006652,
1006653,
1006654,
1006655,
1006656,
1006657,
1006658,
1006659,
1006660,
1006661,
1006662,
1006663,
1006664,
1006665,
1006666,
1006667,
1006668,
1006669,
1006670,
1006671,
1006672,
1006673,
1006674,
1006675,
1006676,
1006677,
1006678,
1006770,
1006771,
1006772,
1006773,
1006774,
1006775,
1006776,
1006777,
1006778,
1006779,
1006780,
1006781,
1006782,
1006783,
1006784,
1006785,
1006786,
1006787,
1006788,
1006789,
1006790,
1006791,
1006792,
1006793,
1006794,
1006795,
1006796,
1006797,
1006798,
1006799,
1006800,
1006801,
1006802,
1006803,
1006804,
1006805,
1006806,
1006898,
1006899,
1006900,
1006901,
1006902,
1006903,
1006904,
1006905,
1006906,
1006907,
1006908,
1006909,
1006910,
1006911,
1006912,
1006913,
1006914,
1006915,
1006916,
1006917,
1006918,
1006919,
1006920,
1006921,
1006922,
1006923,
1006924,
1006925,
1006926,
1006927,
1006928,
1006929,
1006930,
1006931,
1006932,
1006933,
1006934,
1007026,
1007027,
1007028,
1007029,
1007030,
1007031,
1007032,
1007033,
1007034,
1007035,
1007036,
1007037,
1007038,
1007039,
1007040,
1007041,
1007042,
1007043,
1007044,
1007045,
1007046,
1007047,
1007048,
1007049,
1007050,
1007051,
1007052,
1007053,
1007054,
1007055,
1007056,
1007057,
1007058,
1007059,
1007060,
1007061,
1007062,
1007153,
1007154,
1007155,
1007156,
1007157,
1007158,
1007159,
1007160,
1007161,
1007162,
1007163,
1007164,
1007165,
1007166,
1007167,
1007168,
1007169,
1007170,
1007171,
1007172,
1007173,
1007174,
1007175,
1007176,
1007177,
1007178,
1007179,
1007180,
1007181,
1007182,
1007183,
1007184,
1007185,
1007186,
1007187,
1007188,
1007189,
1007190,
1007281,
1007282,
1007283,
1007284,
1007285,
1007286,
1007287,
1007288,
1007289,
1007290,
1007291,
1007292,
1007293,
1007294,
1007295,
1007296,
1007297,
1007298,
1007299,
1007300,
1007301,
1007302,
1007303,
1007304,
1007305,
1007306,
1007307,
1007308,
1007309,
1007310,
1007311,
1007312,
1007313,
1007314,
1007315,
1007316,
1007317,
1007318,
1007410,
1007411,
1007412,
1007413,
1007414,
1007415,
1007416,
1007417,
1007418,
1007419,
1007420,
1007421,
1007422,
1007423,
1007424,
1007425,
1007426,
1007427,
1007428,
1007429,
1007430,
1007431,
1007432,
1007433,
1007434,
1007435,
1007436,
1007437,
1007438,
1007439,
1007440,
1007441,
1007442,
1007443,
1007444,
1007445,
1007446,
1007543,
1007544,
1007545,
1007546,
1007547,
1007548,
1007549,
1007550,
1007551,
1007552,
1007553,
1007554,
1007555,
1007556,
1007557,
1007558,
1007559,
1007560,
1007561,
1007562,
1007563,
1007564,
1007565,
1007566,
1007567,
1007568,
1007569,
1007570,
1007571,
1007572,
1007573,
1007574,
1007672,
1007673,
1007674,
1007675,
1007676,
1007677,
1007678,
1007679,
1007680,
1007681,
1007682,
1007683,
1007684,
1007685,
1007686,
1007687,
1007688,
1007689,
1007690,
1007691,
1007692,
1007693,
1007694,
1007695,
1007696,
1007697,
1007698,
1007699,
1007700,
1007701,
1007702,
1007803,
1007804,
1007805,
1007806,
1007807,
1007808,
1007809,
1007810,
1007811,
1007812,
1007813,
1007814,
1007815,
1007816,
1007817,
1007818,
1007819,
1007820,
1007821,
1007822,
1007823,
1007824,
1007825,
1007826,
1007827,
1007934,
1007938,
1007939,
1007940,
1007941,
1007942,
1007943,
1007944,
1007945,
1007946,
1007947,
1007948,
1007949,
1008068,
1008069,
1008070,
1008071,
1008072,
1008073,
1022020,
1022021,
1022022,
1022023,
1022024,
1022142,
1022143,
1022144,
1022145,
1022146,
1022147,
1022148,
1022149,
1022150,
1022151,
1022152,
1022153,
1022154,
1022155,
1022156,
1022157,
1022158,
1022268,
1022269,
1022270,
1022271,
1022272,
1022273,
1022274,
1022275,
1022276,
1022277,
1022278,
1022279,
1022280,
1022281,
1022282,
1022283,
1022284,
1022285,
1022286,
1022287,
1022393,
1022394,
1022395,
1022396,
1022397,
1022398,
1022399,
1022400,
1022401,
1022402,
1022403,
1022404,
1022405,
1022406,
1022407,
1022408,
1022409,
1022410,
1022411,
1022412,
1022413,
1022414,
1022415,
1022416,
1022520,
1022521,
1022522,
1022523,
1022524,
1022525,
1022526,
1022527,
1022528,
1022529,
1022530,
1022531,
1022532,
1022533,
1022534,
1022535,
1022536,
1022537,
1022538,
1022539,
1022540,
1022541,
1022542,
1022543,
1022544,
1022545,
1022546,
1022547,
1022548,
1022549,
1022550,
1022647,
1022648,
1022649,
1022650,
1022651,
1022652,
1022653,
1022654,
1022655,
1022656,
1022657,
1022658,
1022659,
1022660,
1022661,
1022662,
1022663,
1022664,
1022665,
1022666,
1022667,
1022668,
1022669,
1022670,
1022671,
1022672,
1022673,
1022674,
1022675,
1022676,
1022677,
1022678,
1022774,
1022775,
1022776,
1022777,
1022778,
1022779,
1022780,
1022781,
1022782,
1022783,
1022784,
1022785,
1022786,
1022787,
1022788,
1022789,
1022790,
1022791,
1022792,
1022793,
1022794,
1022795,
1022796,
1022797,
1022798,
1022799,
1022800,
1022801,
1022802,
1022803,
1022804,
1022805,
1022806,
1022900,
1022901,
1022902,
1022903,
1022904,
1022905,
1022906,
1022907,
1022908,
1022909,
1022910,
1022911,
1022912,
1022913,
1022914,
1022915,
1022916,
1022917,
1022918,
1022919,
1022920,
1022921,
1022922,
1022923,
1022924,
1022925,
1022926,
1022927,
1022928,
1022929,
1022930,
1022931,
1022932,
1022933,
1022934,
1023027,
1023028,
1023029,
1023030,
1023031,
1023032,
1023033,
1023034,
1023035,
1023036,
1023037,
1023038,
1023039,
1023040,
1023041,
1023042,
1023043,
1023044,
1023045,
1023046,
1023047,
1023048,
1023049,
1023050,
1023051,
1023052,
1023053,
1023054,
1023055,
1023056,
1023057,
1023058,
1023059,
1023060,
1023061,
1023062,
1023154,
1023155,
1023156,
1023157,
1023158,
1023159,
1023160,
1023161,
1023162,
1023163,
1023164,
1023165,
1023166,
1023167,
1023168,
1023169,
1023170,
1023171,
1023172,
1023173,
1023174,
1023175,
1023176,
1023177,
1023178,
1023179,
1023180,
1023181,
1023182,
1023183,
1023184,
1023185,
1023186,
1023187,
1023188,
1023189,
1023190,
1023282,
1023283,
1023284,
1023285,
1023286,
1023287,
1023288,
1023289,
1023290,
1023291,
1023292,
1023293,
1023294,
1023295,
1023296,
1023297,
1023298,
1023299,
1023300,
1023301,
1023302,
1023303,
1023304,
1023305,
1023306,
1023307,
1023308,
1023309,
1023310,
1023311,
1023312,
1023313,
1023314,
1023315,
1023316,
1023317,
1023318,
1023410,
1023411,
1023412,
1023413,
1023414,
1023415,
1023416,
1023417,
1023418,
1023419,
1023420,
1023421,
1023422,
1023423,
1023424,
1023425,
1023426,
1023427,
1023428,
1023429,
1023430,
1023431,
1023432,
1023433,
1023434,
1023435,
1023436,
1023437,
1023438,
1023439,
1023440,
1023441,
1023442,
1023443,
1023444,
1023445,
1023446,
1023537,
1023538,
1023539,
1023540,
1023541,
1023542,
1023543,
1023544,
1023545,
1023546,
1023547,
1023548,
1023549,
1023550,
1023551,
1023552,
1023553,
1023554,
1023555,
1023556,
1023557,
1023558,
1023559,
1023560,
1023561,
1023562,
1023563,
1023564,
1023565,
1023566,
1023567,
1023568,
1023569,
1023570,
1023571,
1023572,
1023573,
1023574,
1023665,
1023666,
1023667,
1023668,
1023669,
1023670,
1023671,
1023672,
1023673,
1023674,
1023675,
1023676,
1023677,
1023678,
1023679,
1023680,
1023681,
1023682,
1023683,
1023684,
1023685,
1023686,
1023687,
1023688,
1023689,
1023690,
1023691,
1023692,
1023693,
1023694,
1023695,
1023696,
1023697,
1023698,
1023699,
1023700,
1023701,
1023702,
1023793,
1023794,
1023795,
1023796,
1023797,
1023798,
1023799,
1023800,
1023801,
1023802,
1023803,
1023804,
1023805,
1023806,
1023807,
1023808,
1023809,
1023810,
1023811,
1023812,
1023813,
1023814,
1023815,
1023816,
1023817,
1023818,
1023819,
1023820,
1023821,
1023822,
1023823,
1023824,
1023825,
1023826,
1023827,
1023828,
1023829,
1023830,
1023921,
1023922,
1023923,
1023924,
1023925,
1023928,
1023929,
1023930,
1023931,
1023932,
1023933,
1023934,
1023935,
1023936,
1023937,
1023938,
1023939,
1023940,
1023941,
1023942,
1023943,
1023944,
1023945,
1023946,
1023947,
1023948,
1023949,
1023950,
1023951,
1023952,
1023953,
1023954,
1023955,
1023956,
1023957,
1023958,
1024058,
1024059,
1024060,
1024061,
1024062,
1024063,
1024064,
1024065,
1024066,
1024067,
1024068,
1024069,
1024070,
1024071,
1024072,
1024073,
1024074,
1024075,
1024076,
1024077,
1024078,
1024079,
1024080,
1024081,
1024082,
1024083,
1024187,
1024188,
1024189,
1024190,
1024191,
1024192,
1024193,
1024194,
1024195,
1024196,
1024197,
1024198,
1024199,
1024200,
1024201,
1024202,
1024203,
1024204,
1024205,
1024206,
1024207,
1024208,
1024209,
1024210,
1024323,
1024324,
1024325,
1024326,
1024327,
1024328,
1024329,
1038275,
1038276,
1038277,
1038403,
1038404,
1038405,
1038406,
1038407,
1038408,
1038409,
1038410,
1038411,
1038525,
1038526,
1038527,
1038528,
1038529,
1038530,
1038531,
1038532,
1038533,
1038534,
1038535,
1038536,
1038537,
1038538,
1038539,
1038540,
1038541,
1038542,
1038649,
1038650,
1038651,
1038652,
1038653,
1038654,
1038655,
1038656,
1038657,
1038658,
1038659,
1038660,
1038661,
1038662,
1038663,
1038664,
1038665,
1038666,
1038667,
1038668,
1038669,
1038670,
1038671,
1038776,
1038777,
1038778,
1038779,
1038780,
1038781,
1038782,
1038783,
1038784,
1038785,
1038786,
1038787,
1038788,
1038789,
1038790,
1038791,
1038792,
1038793,
1038794,
1038795,
1038796,
1038797,
1038798,
1038799,
1038800,
1038801,
1038802,
1038803,
1038804,
1038805,
1038806,
1038904,
1038905,
1038906,
1038907,
1038908,
1038909,
1038910,
1038911,
1038912,
1038913,
1038914,
1038915,
1038916,
1038917,
1038918,
1038919,
1038920,
1038921,
1038922,
1038923,
1038924,
1038925,
1038926,
1038927,
1038928,
1038929,
1038930,
1038931,
1038932,
1038933,
1038934,
1039031,
1039032,
1039033,
1039034,
1039035,
1039036,
1039037,
1039038,
1039039,
1039040,
1039041,
1039042,
1039043,
1039044,
1039045,
1039046,
1039047,
1039048,
1039049,
1039050,
1039051,
1039052,
1039053,
1039054,
1039055,
1039056,
1039057,
1039058,
1039059,
1039060,
1039061,
1039062,
1039156,
1039157,
1039158,
1039159,
1039160,
1039161,
1039162,
1039163,
1039164,
1039165,
1039166,
1039167,
1039168,
1039169,
1039170,
1039171,
1039172,
1039173,
1039174,
1039175,
1039176,
1039177,
1039178,
1039179,
1039180,
1039181,
1039182,
1039183,
1039184,
1039185,
1039186,
1039187,
1039188,
1039189,
1039190,
1039283,
1039284,
1039285,
1039286,
1039287,
1039288,
1039289,
1039290,
1039291,
1039292,
1039293,
1039294,
1039295,
1039296,
1039297,
1039298,
1039299,
1039300,
1039301,
1039302,
1039303,
1039304,
1039305,
1039306,
1039307,
1039308,
1039309,
1039310,
1039311,
1039312,
1039313,
1039314,
1039315,
1039316,
1039317,
1039318,
1039411,
1039412,
1039413,
1039414,
1039415,
1039416,
1039417,
1039418,
1039419,
1039420,
1039421,
1039422,
1039423,
1039424,
1039425,
1039426,
1039427,
1039428,
1039429,
1039430,
1039431,
1039432,
1039433,
1039434,
1039435,
1039436,
1039437,
1039438,
1039439,
1039440,
1039441,
1039442,
1039443,
1039444,
1039445,
1039446,
1039538,
1039539,
1039540,
1039541,
1039542,
1039543,
1039544,
1039545,
1039546,
1039547,
1039548,
1039549,
1039550,
1039551,
1039552,
1039553,
1039554,
1039555,
1039556,
1039557,
1039558,
1039559,
1039560,
1039561,
1039562,
1039563,
1039564,
1039565,
1039566,
1039567,
1039568,
1039569,
1039570,
1039571,
1039572,
1039573,
1039574,
1039666,
1039667,
1039668,
1039669,
1039670,
1039671,
1039672,
1039673,
1039674,
1039675,
1039676,
1039677,
1039678,
1039679,
1039680,
1039681,
1039682,
1039683,
1039684,
1039685,
1039686,
1039687,
1039688,
1039689,
1039690,
1039691,
1039692,
1039693,
1039694,
1039695,
1039696,
1039697,
1039698,
1039699,
1039700,
1039701,
1039702,
1039794,
1039795,
1039796,
1039797,
1039798,
1039799,
1039800,
1039801,
1039802,
1039803,
1039804,
1039805,
1039806,
1039807,
1039808,
1039809,
1039810,
1039811,
1039812,
1039813,
1039814,
1039815,
1039816,
1039817,
1039818,
1039819,
1039820,
1039821,
1039822,
1039823,
1039824,
1039825,
1039826,
1039827,
1039828,
1039829,
1039830,
1039922,
1039923,
1039924,
1039925,
1039926,
1039927,
1039928,
1039929,
1039930,
1039931,
1039932,
1039933,
1039934,
1039935,
1039936,
1039937,
1039938,
1039939,
1039940,
1039941,
1039942,
1039943,
1039944,
1039945,
1039946,
1039947,
1039948,
1039949,
1039950,
1039951,
1039952,
1039953,
1039954,
1039955,
1039956,
1039957,
1039958,
1040050,
1040051,
1040052,
1040053,
1040054,
1040055,
1040056,
1040057,
1040058,
1040059,
1040060,
1040061,
1040062,
1040063,
1040064,
1040065,
1040066,
1040067,
1040068,
1040069,
1040070,
1040071,
1040072,
1040073,
1040074,
1040075,
1040076,
1040077,
1040078,
1040079,
1040080,
1040081,
1040082,
1040083,
1040084,
1040085,
1040086,
1040177,
1040178,
1040179,
1040180,
1040181,
1040182,
1040183,
1040184,
1040185,
1040186,
1040187,
1040188,
1040189,
1040190,
1040191,
1040192,
1040193,
1040194,
1040195,
1040196,
1040197,
1040198,
1040199,
1040200,
1040201,
1040202,
1040203,
1040204,
1040205,
1040206,
1040207,
1040208,
1040209,
1040210,
1040211,
1040212,
1040213,
1040214,
1040305,
1040306,
1040307,
1040308,
1040316,
1040317,
1040318,
1040319,
1040320,
1040321,
1040322,
1040323,
1040324,
1040325,
1040326,
1040327,
1040328,
1040329,
1040330,
1040331,
1040332,
1040333,
1040334,
1040335,
1040336,
1040337,
1040338,
1040339,
1040443,
1040444,
1040445,
1040446,
1040447,
1040448,
1040449,
1040450,
1040451,
1040452,
1040453,
1040454,
1040455,
1040456,
1040457,
1040458,
1040459,
1040460,
1040463,
1040464,
1040465,
1040466,
1040467,
1040579,
1040580,
1040581,
1040582,
1040583,
1040584,
1040585,
1040586,
1054659,
1054660,
1054661,
1054662,
1054663,
1054781,
1054782,
1054783,
1054784,
1054787,
1054788,
1054789,
1054790,
1054791,
1054792,
1054793,
1054794,
1054795,
1054796,
1054908,
1054909,
1054910,
1054911,
1054912,
1054913,
1054914,
1054915,
1054916,
1054917,
1054918,
1054919,
1054920,
1054921,
1054922,
1054923,
1054924,
1054925,
1054926,
1055033,
1055034,
1055035,
1055036,
1055037,
1055038,
1055039,
1055040,
1055041,
1055042,
1055043,
1055044,
1055045,
1055046,
1055047,
1055048,
1055049,
1055050,
1055051,
1055052,
1055053,
1055054,
1055055,
1055057,
1055058,
1055059,
1055060,
1055061,
1055062,
1055160,
1055161,
1055162,
1055163,
1055164,
1055165,
1055166,
1055167,
1055168,
1055169,
1055170,
1055171,
1055172,
1055173,
1055174,
1055175,
1055176,
1055177,
1055178,
1055179,
1055180,
1055181,
1055182,
1055183,
1055184,
1055185,
1055186,
1055187,
1055188,
1055189,
1055190,
1055287,
1055288,
1055289,
1055290,
1055291,
1055292,
1055293,
1055294,
1055295,
1055296,
1055297,
1055298,
1055299,
1055300,
1055301,
1055302,
1055303,
1055304,
1055305,
1055306,
1055307,
1055308,
1055309,
1055310,
1055311,
1055312,
1055313,
1055314,
1055315,
1055316,
1055317,
1055318,
1055414,
1055415,
1055416,
1055417,
1055418,
1055419,
1055420,
1055421,
1055422,
1055423,
1055424,
1055425,
1055426,
1055427,
1055428,
1055429,
1055430,
1055431,
1055432,
1055433,
1055434,
1055435,
1055436,
1055437,
1055438,
1055439,
1055440,
1055441,
1055442,
1055443,
1055444,
1055445,
1055446,
1055540,
1055541,
1055542,
1055543,
1055544,
1055545,
1055546,
1055547,
1055548,
1055549,
1055550,
1055551,
1055552,
1055553,
1055554,
1055555,
1055556,
1055557,
1055558,
1055559,
1055560,
1055561,
1055562,
1055563,
1055564,
1055565,
1055566,
1055567,
1055568,
1055569,
1055570,
1055571,
1055572,
1055573,
1055574,
1055667,
1055668,
1055669,
1055670,
1055671,
1055672,
1055673,
1055674,
1055675,
1055676,
1055677,
1055678,
1055679,
1055680,
1055681,
1055682,
1055683,
1055684,
1055685,
1055686,
1055687,
1055688,
1055689,
1055690,
1055691,
1055692,
1055693,
1055694,
1055695,
1055696,
1055697,
1055698,
1055699,
1055700,
1055701,
1055702,
1055795,
1055796,
1055797,
1055798,
1055799,
1055800,
1055801,
1055802,
1055803,
1055804,
1055805,
1055806,
1055807,
1055808,
1055809,
1055810,
1055811,
1055812,
1055813,
1055814,
1055815,
1055816,
1055817,
1055818,
1055819,
1055820,
1055821,
1055822,
1055823,
1055824,
1055825,
1055826,
1055827,
1055828,
1055829,
1055830,
1055922,
1055923,
1055924,
1055925,
1055926,
1055927,
1055928,
1055929,
1055930,
1055931,
1055932,
1055933,
1055934,
1055935,
1055936,
1055937,
1055938,
1055939,
1055940,
1055941,
1055942,
1055943,
1055944,
1055945,
1055946,
1055947,
1055948,
1055949,
1055950,
1055951,
1055952,
1055953,
1055954,
1055955,
1055956,
1055957,
1055958,
1056050,
1056051,
1056052,
1056053,
1056054,
1056055,
1056056,
1056057,
1056058,
1056059,
1056060,
1056061,
1056062,
1056063,
1056064,
1056065,
1056066,
1056067,
1056068,
1056069,
1056070,
1056071,
1056072,
1056073,
1056074,
1056075,
1056076,
1056077,
1056078,
1056079,
1056080,
1056081,
1056082,
1056083,
1056084,
1056085,
1056086,
1056178,
1056179,
1056180,
1056181,
1056182,
1056183,
1056184,
1056185,
1056186,
1056187,
1056188,
1056189,
1056190,
1056191,
1056192,
1056193,
1056194,
1056195,
1056196,
1056197,
1056198,
1056199,
1056200,
1056201,
1056202,
1056203,
1056204,
1056205,
1056206,
1056207,
1056208,
1056209,
1056210,
1056211,
1056212,
1056213,
1056214,
1056306,
1056307,
1056308,
1056309,
1056310,
1056311,
1056312,
1056313,
1056314,
1056315,
1056316,
1056317,
1056318,
1056319,
1056320,
1056321,
1056322,
1056323,
1056324,
1056325,
1056326,
1056327,
1056328,
1056329,
1056330,
1056331,
1056332,
1056333,
1056334,
1056335,
1056336,
1056337,
1056338,
1056339,
1056340,
1056341,
1056342,
1056434,
1056435,
1056436,
1056437,
1056438,
1056439,
1056440,
1056441,
1056442,
1056443,
1056444,
1056445,
1056446,
1056447,
1056448,
1056449,
1056450,
1056451,
1056452,
1056453,
1056454,
1056455,
1056456,
1056457,
1056458,
1056459,
1056460,
1056461,
1056462,
1056463,
1056464,
1056465,
1056466,
1056467,
1056468,
1056469,
1056470,
1056562,
1056563,
1056564,
1056573,
1056574,
1056575,
1056576,
1056577,
1056578,
1056579,
1056580,
1056581,
1056582,
1056583,
1056584,
1056585,
1056586,
1056587,
1056588,
1056589,
1056590,
1056591,
1056592,
1056593,
1056594,
1056595,
1056689,
1056690,
1056691,
1056692,
1056693,
1056704,
1056705,
1056706,
1056707,
1056708,
1056709,
1056710,
1056711,
1056712,
1056713,
1056714,
1071043,
1071044,
1071045,
1071046,
1071047,
1071048,
1071165,
1071166,
1071167,
1071168,
1071169,
1071170,
1071171,
1071172,
1071173,
1071174,
1071175,
1071176,
1071177,
1071178,
1071179,
1071180,
1071289,
1071290,
1071292,
1071293,
1071294,
1071295,
1071296,
1071297,
1071298,
1071299,
1071300,
1071301,
1071302,
1071303,
1071304,
1071305,
1071306,
1071307,
1071308,
1071309,
1071310,
1071314,
1071315,
1071316,
1071317,
1071318,
1071416,
1071417,
1071418,
1071419,
1071420,
1071421,
1071422,
1071423,
1071424,
1071425,
1071426,
1071427,
1071428,
1071429,
1071430,
1071431,
1071432,
1071433,
1071434,
1071435,
1071436,
1071437,
1071438,
1071439,
1071440,
1071441,
1071442,
1071443,
1071444,
1071445,
1071446,
1071544,
1071545,
1071546,
1071547,
1071548,
1071549,
1071550,
1071551,
1071552,
1071553,
1071554,
1071555,
1071556,
1071557,
1071558,
1071559,
1071560,
1071561,
1071562,
1071563,
1071564,
1071565,
1071566,
1071567,
1071568,
1071569,
1071570,
1071571,
1071572,
1071573,
1071574,
1071671,
1071672,
1071673,
1071674,
1071675,
1071676,
1071677,
1071678,
1071679,
1071680,
1071681,
1071682,
1071683,
1071684,
1071685,
1071686,
1071687,
1071688,
1071689,
1071690,
1071691,
1071692,
1071693,
1071694,
1071695,
1071696,
1071697,
1071698,
1071699,
1071700,
1071701,
1071702,
1071796,
1071797,
1071798,
1071799,
1071800,
1071801,
1071802,
1071803,
1071804,
1071805,
1071806,
1071807,
1071808,
1071809,
1071810,
1071811,
1071812,
1071813,
1071814,
1071815,
1071816,
1071817,
1071818,
1071819,
1071820,
1071821,
1071822,
1071823,
1071824,
1071825,
1071826,
1071827,
1071828,
1071829,
1071830,
1071923,
1071924,
1071925,
1071926,
1071927,
1071928,
1071929,
1071930,
1071931,
1071932,
1071933,
1071934,
1071935,
1071936,
1071937,
1071938,
1071939,
1071940,
1071941,
1071942,
1071943,
1071944,
1071945,
1071946,
1071947,
1071948,
1071949,
1071950,
1071951,
1071952,
1071953,
1071954,
1071955,
1071956,
1071957,
1071958,
1072051,
1072052,
1072053,
1072054,
1072055,
1072056,
1072057,
1072058,
1072059,
1072060,
1072061,
1072062,
1072063,
1072064,
1072065,
1072066,
1072067,
1072068,
1072069,
1072070,
1072071,
1072072,
1072073,
1072074,
1072075,
1072076,
1072077,
1072078,
1072079,
1072080,
1072081,
1072082,
1072083,
1072084,
1072085,
1072086,
1072178,
1072179,
1072180,
1072181,
1072182,
1072183,
1072184,
1072185,
1072186,
1072187,
1072188,
1072189,
1072190,
1072191,
1072192,
1072193,
1072194,
1072195,
1072196,
1072197,
1072198,
1072199,
1072200,
1072201,
1072202,
1072203,
1072204,
1072205,
1072206,
1072207,
1072208,
1072209,
1072210,
1072211,
1072212,
1072213,
1072214,
1072306,
1072307,
1072308,
1072309,
1072310,
1072311,
1072312,
1072313,
1072314,
1072315,
1072316,
1072317,
1072318,
1072319,
1072320,
1072321,
1072322,
1072323,
1072324,
1072325,
1072326,
1072327,
1072328,
1072329,
1072330,
1072331,
1072332,
1072333,
1072334,
1072335,
1072336,
1072337,
1072338,
1072339,
1072340,
1072341,
1072342,
1072434,
1072435,
1072436,
1072437,
1072438,
1072439,
1072440,
1072441,
1072442,
1072443,
1072444,
1072445,
1072446,
1072447,
1072448,
1072449,
1072450,
1072451,
1072452,
1072453,
1072454,
1072455,
1072456,
1072457,
1072458,
1072459,
1072460,
1072461,
1072462,
1072463,
1072464,
1072465,
1072466,
1072467,
1072468,
1072469,
1072470,
1072562,
1072563,
1072564,
1072565,
1072566,
1072567,
1072568,
1072569,
1072570,
1072571,
1072572,
1072573,
1072574,
1072575,
1072576,
1072577,
1072578,
1072579,
1072580,
1072581,
1072582,
1072583,
1072584,
1072585,
1072586,
1072587,
1072588,
1072589,
1072590,
1072591,
1072592,
1072593,
1072594,
1072595,
1072596,
1072597,
1072598,
1072690,
1072691,
1072692,
1072693,
1072694,
1072695,
1072696,
1072698,
1072699,
1072700,
1072701,
1072702,
1072703,
1072704,
1072705,
1072706,
1072707,
1072708,
1072709,
1072710,
1072711,
1072712,
1072713,
1072714,
1072715,
1072716,
1072717,
1072718,
1072719,
1072720,
1072721,
1072722,
1072818,
1072819,
1072820,
1072821,
1072822,
1072848,
1072849,
1072945,
1072946,
1072947,
1072948,
1072949,
1072950,
1087427,
1087428,
1087429,
1087430,
1087431,
1087432,
1087433,
1087549,
1087550,
1087551,
1087552,
1087553,
1087554,
1087555,
1087556,
1087557,
1087558,
1087559,
1087560,
1087561,
1087562,
1087563,
1087564,
1087565,
1087566,
1087673,
1087674,
1087675,
1087676,
1087677,
1087678,
1087679,
1087680,
1087681,
1087682,
1087683,
1087684,
1087685,
1087686,
1087687,
1087688,
1087689,
1087690,
1087691,
1087692,
1087693,
1087694,
1087695,
1087697,
1087698,
1087699,
1087700,
1087701,
1087702,
1087800,
1087801,
1087802,
1087803,
1087804,
1087805,
1087806,
1087807,
1087808,
1087809,
1087810,
1087811,
1087812,
1087813,
1087814,
1087815,
1087816,
1087817,
1087818,
1087819,
1087820,
1087821,
1087822,
1087823,
1087824,
1087825,
1087826,
1087827,
1087828,
1087829,
1087830,
1087927,
1087928,
1087929,
1087930,
1087931,
1087932,
1087933,
1087934,
1087935,
1087936,
1087937,
1087938,
1087939,
1087940,
1087941,
1087942,
1087943,
1087944,
1087945,
1087946,
1087947,
1087948,
1087949,
1087950,
1087951,
1087952,
1087953,
1087954,
1087955,
1087956,
1087957,
1087958,
1088054,
1088055,
1088056,
1088057,
1088058,
1088059,
1088060,
1088061,
1088062,
1088063,
1088064,
1088065,
1088066,
1088067,
1088068,
1088069,
1088070,
1088071,
1088072,
1088073,
1088074,
1088075,
1088076,
1088077,
1088078,
1088079,
1088080,
1088081,
1088082,
1088083,
1088084,
1088085,
1088086,
1088180,
1088181,
1088182,
1088183,
1088184,
1088185,
1088186,
1088187,
1088188,
1088189,
1088190,
1088191,
1088192,
1088193,
1088194,
1088195,
1088196,
1088197,
1088198,
1088199,
1088200,
1088201,
1088202,
1088203,
1088204,
1088205,
1088206,
1088207,
1088208,
1088209,
1088210,
1088211,
1088212,
1088213,
1088214,
1088307,
1088308,
1088309,
1088310,
1088311,
1088312,
1088313,
1088314,
1088315,
1088316,
1088317,
1088318,
1088319,
1088320,
1088321,
1088322,
1088323,
1088324,
1088325,
1088326,
1088327,
1088328,
1088329,
1088330,
1088331,
1088332,
1088333,
1088334,
1088335,
1088336,
1088337,
1088338,
1088339,
1088340,
1088341,
1088342,
1088435,
1088436,
1088437,
1088438,
1088439,
1088440,
1088441,
1088442,
1088443,
1088444,
1088445,
1088446,
1088447,
1088448,
1088449,
1088450,
1088451,
1088452,
1088453,
1088454,
1088455,
1088456,
1088457,
1088458,
1088459,
1088460,
1088461,
1088462,
1088463,
1088464,
1088465,
1088466,
1088467,
1088468,
1088469,
1088470,
1088562,
1088563,
1088564,
1088565,
1088566,
1088567,
1088568,
1088569,
1088570,
1088571,
1088572,
1088573,
1088574,
1088575,
1088576,
1088577,
1088578,
1088579,
1088580,
1088581,
1088582,
1088583,
1088584,
1088585,
1088586,
1088587,
1088588,
1088589,
1088590,
1088591,
1088592,
1088593,
1088594,
1088595,
1088596,
1088597,
1088598,
1088690,
1088691,
1088692,
1088693,
1088694,
1088695,
1088696,
1088697,
1088698,
1088699,
1088700,
1088701,
1088702,
1088703,
1088704,
1088705,
1088706,
1088707,
1088708,
1088709,
1088710,
1088711,
1088712,
1088713,
1088714,
1088715,
1088716,
1088717,
1088718,
1088719,
1088720,
1088721,
1088722,
1088723,
1088724,
1088725,
1088726,
1088818,
1088819,
1088820,
1088821,
1088822,
1088823,
1088824,
1088825,
1088826,
1088827,
1088828,
1088829,
1088830,
1088831,
1088832,
1088833,
1088834,
1088835,
1088836,
1088837,
1088838,
1088839,
1088840,
1088841,
1088842,
1088843,
1088844,
1088845,
1088846,
1088847,
1088848,
1088849,
1088850,
1088851,
1088946,
1088947,
1088948,
1088949,
1088950,
1088951,
1088952,
1088954,
1088955,
1088956,
1088957,
1088958,
1088959,
1088960,
1088961,
1088962,
1088963,
1088964,
1088965,
1088966,
1088967,
1088968,
1088969,
1088970,
1088971,
1088972,
1088973,
1088974,
1088975,
1088976,
1103806,
1103807,
1103808,
1103809,
1103810,
1103811,
1103812,
1103813,
1103814,
1103815,
1103816,
1103817,
1103818,
1103932,
1103933,
1103934,
1103935,
1103936,
1103937,
1103938,
1103939,
1103940,
1103941,
1103942,
1103943,
1103944,
1103945,
1103946,
1103947,
1103948,
1103949,
1103950,
1103955,
1104057,
1104058,
1104059,
1104060,
1104061,
1104062,
1104063,
1104064,
1104065,
1104066,
1104067,
1104068,
1104069,
1104070,
1104071,
1104072,
1104073,
1104074,
1104075,
1104076,
1104077,
1104078,
1104079,
1104080,
1104081,
1104082,
1104083,
1104084,
1104085,
1104086,
1104183,
1104184,
1104185,
1104186,
1104187,
1104188,
1104189,
1104190,
1104191,
1104192,
1104193,
1104194,
1104195,
1104196,
1104197,
1104198,
1104199,
1104200,
1104201,
1104202,
1104203,
1104204,
1104205,
1104206,
1104207,
1104208,
1104209,
1104210,
1104211,
1104212,
1104213,
1104214,
1104310,
1104311,
1104312,
1104313,
1104314,
1104315,
1104316,
1104317,
1104318,
1104319,
1104320,
1104321,
1104322,
1104323,
1104324,
1104325,
1104326,
1104327,
1104328,
1104329,
1104330,
1104331,
1104332,
1104333,
1104334,
1104335,
1104336,
1104337,
1104338,
1104339,
1104340,
1104341,
1104342,
1104436,
1104437,
1104438,
1104439,
1104440,
1104441,
1104442,
1104443,
1104444,
1104445,
1104446,
1104447,
1104448,
1104449,
1104450,
1104451,
1104452,
1104453,
1104454,
1104455,
1104456,
1104457,
1104458,
1104459,
1104460,
1104461,
1104462,
1104463,
1104464,
1104465,
1104466,
1104467,
1104468,
1104469,
1104470,
1104563,
1104564,
1104565,
1104566,
1104567,
1104568,
1104569,
1104570,
1104571,
1104572,
1104573,
1104574,
1104575,
1104576,
1104577,
1104578,
1104579,
1104580,
1104581,
1104582,
1104583,
1104584,
1104585,
1104586,
1104587,
1104588,
1104589,
1104590,
1104591,
1104592,
1104593,
1104594,
1104595,
1104596,
1104597,
1104598,
1104691,
1104692,
1104693,
1104694,
1104695,
1104696,
1104697,
1104698,
1104699,
1104700,
1104701,
1104702,
1104703,
1104704,
1104705,
1104706,
1104707,
1104708,
1104709,
1104710,
1104711,
1104712,
1104713,
1104714,
1104715,
1104716,
1104717,
1104718,
1104719,
1104720,
1104721,
1104722,
1104723,
1104724,
1104725,
1104726,
1104818,
1104819,
1104820,
1104821,
1104822,
1104823,
1104824,
1104825,
1104826,
1104827,
1104828,
1104829,
1104830,
1104831,
1104832,
1104833,
1104834,
1104835,
1104836,
1104837,
1104838,
1104839,
1104840,
1104841,
1104842,
1104843,
1104844,
1104845,
1104846,
1104847,
1104848,
1104849,
1104850,
1104851,
1104852,
1104853,
1104854,
1104946,
1104947,
1104948,
1104949,
1104950,
1104951,
1104952,
1104953,
1104954,
1104955,
1104956,
1104957,
1104958,
1104959,
1104960,
1104961,
1104962,
1104963,
1104964,
1104965,
1104966,
1104967,
1104968,
1104969,
1104970,
1104971,
1104972,
1104973,
1104974,
1104975,
1104976,
1104977,
1104978,
1104979,
1104980,
1104981,
1104982,
1105075,
1105076,
1105077,
1105078,
1105079,
1105080,
1105081,
1105082,
1105083,
1105084,
1105085,
1105086,
1105087,
1105088,
1105089,
1105090,
1105091,
1105092,
1105093,
1105094,
1105095,
1105096,
1105097,
1105098,
1105099,
1105100,
1105101,
1105102,
1105103,
1105104,
1105105,
1105106,
1105107,
1105205,
1105206,
1105207,
1105208,
1105209,
1105210,
1105211,
1105212,
1105213,
1105214,
1105215,
1105216,
1105217,
1105218,
1105219,
1105220,
1105221,
1105222,
1105223,
1105224,
1105225,
1105226,
1105227,
1105347,
1120193,
1120194,
1120195,
1120196,
1120197,
1120198,
1120199,
1120200,
1120201,
1120202,
1120203,
1120312,
1120313,
1120314,
1120315,
1120316,
1120317,
1120318,
1120319,
1120320,
1120321,
1120322,
1120323,
1120324,
1120325,
1120326,
1120327,
1120328,
1120329,
1120330,
1120331,
1120332,
1120333,
1120334,
1120335,
1120339,
1120340,
1120439,
1120440,
1120441,
1120442,
1120443,
1120444,
1120445,
1120446,
1120447,
1120448,
1120449,
1120450,
1120451,
1120452,
1120453,
1120454,
1120455,
1120456,
1120457,
1120458,
1120459,
1120460,
1120461,
1120462,
1120463,
1120464,
1120465,
1120466,
1120467,
1120468,
1120469,
1120470,
1120566,
1120567,
1120568,
1120569,
1120570,
1120571,
1120572,
1120573,
1120574,
1120575,
1120576,
1120577,
1120578,
1120579,
1120580,
1120581,
1120582,
1120583,
1120584,
1120585,
1120586,
1120587,
1120588,
1120589,
1120590,
1120591,
1120592,
1120593,
1120594,
1120595,
1120596,
1120597,
1120598,
1120693,
1120694,
1120695,
1120696,
1120697,
1120698,
1120699,
1120700,
1120701,
1120702,
1120703,
1120704,
1120705,
1120706,
1120707,
1120708,
1120709,
1120710,
1120711,
1120712,
1120713,
1120714,
1120715,
1120716,
1120717,
1120718,
1120719,
1120720,
1120721,
1120722,
1120723,
1120724,
1120725,
1120726,
1120820,
1120821,
1120822,
1120823,
1120824,
1120825,
1120826,
1120827,
1120828,
1120829,
1120830,
1120831,
1120832,
1120833,
1120834,
1120835,
1120836,
1120837,
1120838,
1120839,
1120840,
1120841,
1120842,
1120843,
1120844,
1120845,
1120846,
1120847,
1120848,
1120849,
1120850,
1120851,
1120852,
1120853,
1120854,
1120946,
1120947,
1120948,
1120949,
1120950,
1120951,
1120952,
1120953,
1120954,
1120955,
1120956,
1120957,
1120958,
1120959,
1120960,
1120961,
1120962,
1120963,
1120964,
1120965,
1120966,
1120967,
1120968,
1120969,
1120970,
1120971,
1120972,
1120973,
1120974,
1120975,
1120976,
1120977,
1120978,
1120979,
1120980,
1120981,
1120982,
1121074,
1121075,
1121076,
1121077,
1121078,
1121079,
1121080,
1121081,
1121082,
1121083,
1121084,
1121085,
1121086,
1121087,
1121088,
1121089,
1121090,
1121091,
1121092,
1121093,
1121094,
1121095,
1121096,
1121097,
1121098,
1121099,
1121100,
1121101,
1121102,
1121103,
1121104,
1121105,
1121106,
1121107,
1121108,
1121109,
1121110,
1121202,
1121203,
1121204,
1121205,
1121206,
1121207,
1121208,
1121209,
1121210,
1121211,
1121212,
1121213,
1121214,
1121215,
1121216,
1121217,
1121218,
1121219,
1121220,
1121221,
1121222,
1121223,
1121224,
1121225,
1121226,
1121227,
1121228,
1121229,
1121230,
1121231,
1121232,
1121233,
1121234,
1121235,
1121236,
1121237,
1121238,
1121330,
1121331,
1121332,
1121333,
1121334,
1121335,
1121336,
1121337,
1121338,
1121339,
1121340,
1121341,
1121342,
1121343,
1121344,
1121345,
1121346,
1121347,
1121348,
1121349,
1121350,
1121351,
1121352,
1121353,
1121354,
1121355,
1121356,
1121357,
1121358,
1121359,
1121360,
1121361,
1121362,
1121363,
1121461,
1121462,
1121463,
1121464,
1121465,
1121466,
1121467,
1121468,
1121469,
1121470,
1121471,
1121472,
1121473,
1121474,
1121475,
1121476,
1121477,
1121478,
1121479,
1121480,
1121481,
1121482,
1121483,
1121592,
1121593,
1121594,
1121595,
1121596,
1121597,
1121598,
1121599,
1121600,
1121601,
1121602,
1121603,
1121604,
1121605,
1136575,
1136576,
1136577,
1136578,
1136579,
1136580,
1136581,
1136582,
1136583,
1136584,
1136585,
1136586,
1136587,
1136696,
1136697,
1136698,
1136699,
1136700,
1136701,
1136702,
1136703,
1136704,
1136705,
1136706,
1136707,
1136708,
1136709,
1136710,
1136711,
1136712,
1136713,
1136714,
1136715,
1136716,
1136717,
1136718,
1136719,
1136819,
1136820,
1136821,
1136822,
1136823,
1136824,
1136825,
1136826,
1136827,
1136828,
1136829,
1136830,
1136831,
1136832,
1136833,
1136834,
1136835,
1136836,
1136837,
1136838,
1136839,
1136840,
1136841,
1136842,
1136843,
1136844,
1136845,
1136846,
1136847,
1136848,
1136849,
1136850,
1136851,
1136852,
1136853,
1136854,
1136947,
1136948,
1136949,
1136950,
1136951,
1136952,
1136953,
1136954,
1136955,
1136956,
1136957,
1136958,
1136959,
1136960,
1136961,
1136962,
1136963,
1136964,
1136965,
1136966,
1136967,
1136968,
1136969,
1136970,
1136971,
1136972,
1136973,
1136974,
1136975,
1136976,
1136977,
1136978,
1136979,
1136980,
1136981,
1136982,
1137075,
1137076,
1137077,
1137078,
1137079,
1137080,
1137081,
1137082,
1137083,
1137084,
1137085,
1137086,
1137087,
1137088,
1137089,
1137090,
1137091,
1137092,
1137093,
1137094,
1137095,
1137096,
1137097,
1137098,
1137099,
1137100,
1137101,
1137102,
1137103,
1137104,
1137105,
1137106,
1137107,
1137108,
1137109,
1137110,
1137203,
1137204,
1137205,
1137206,
1137207,
1137208,
1137209,
1137210,
1137211,
1137212,
1137213,
1137214,
1137215,
1137216,
1137217,
1137218,
1137219,
1137220,
1137221,
1137222,
1137223,
1137224,
1137225,
1137226,
1137227,
1137228,
1137229,
1137230,
1137231,
1137232,
1137233,
1137234,
1137235,
1137236,
1137237,
1137238,
1137330,
1137331,
1137332,
1137333,
1137334,
1137335,
1137336,
1137337,
1137338,
1137339,
1137340,
1137341,
1137342,
1137343,
1137344,
1137345,
1137346,
1137347,
1137348,
1137349,
1137350,
1137351,
1137352,
1137353,
1137354,
1137355,
1137356,
1137357,
1137358,
1137359,
1137360,
1137361,
1137362,
1137363,
1137364,
1137365,
1137366,
1137458,
1137459,
1137460,
1137461,
1137462,
1137463,
1137464,
1137465,
1137466,
1137467,
1137468,
1137469,
1137470,
1137471,
1137472,
1137473,
1137474,
1137475,
1137476,
1137477,
1137478,
1137479,
1137480,
1137481,
1137482,
1137483,
1137484,
1137485,
1137486,
1137487,
1137488,
1137489,
1137490,
1137491,
1137492,
1137493,
1137494,
1137586,
1137587,
1137588,
1137589,
1137590,
1137591,
1137592,
1137593,
1137594,
1137595,
1137596,
1137597,
1137598,
1137599,
1137600,
1137601,
1137602,
1137603,
1137604,
1137605,
1137606,
1137607,
1137608,
1137609,
1137610,
1137611,
1137612,
1137613,
1137614,
1137615,
1137616,
1137617,
1137618,
1137619,
1137716,
1137717,
1137718,
1137719,
1137720,
1137721,
1137722,
1137723,
1137724,
1137725,
1137726,
1137727,
1137728,
1137729,
1137730,
1137731,
1137732,
1137733,
1137734,
1137735,
1137736,
1137737,
1137738,
1137739,
1137845,
1137846,
1137847,
1137848,
1137849,
1137850,
1137851,
1137852,
1137853,
1137854,
1137855,
1137856,
1137857,
1137858,
1137859,
1137860,
1137861,
1152956,
1152957,
1152958,
1152959,
1152960,
1152961,
1152962,
1152963,
1152964,
1152965,
1152966,
1152967,
1152968,
1152969,
1152970,
1153079,
1153080,
1153081,
1153082,
1153083,
1153084,
1153085,
1153086,
1153087,
1153088,
1153089,
1153090,
1153091,
1153092,
1153093,
1153094,
1153095,
1153096,
1153097,
1153098,
1153099,
1153100,
1153101,
1153102,
1153103,
1153104,
1153203,
1153204,
1153205,
1153206,
1153207,
1153208,
1153209,
1153210,
1153211,
1153212,
1153213,
1153214,
1153215,
1153216,
1153217,
1153218,
1153219,
1153220,
1153221,
1153222,
1153223,
1153224,
1153225,
1153226,
1153227,
1153228,
1153229,
1153230,
1153231,
1153232,
1153233,
1153234,
1153235,
1153236,
1153331,
1153332,
1153333,
1153334,
1153335,
1153336,
1153337,
1153338,
1153339,
1153340,
1153341,
1153342,
1153343,
1153344,
1153345,
1153346,
1153347,
1153348,
1153349,
1153350,
1153351,
1153352,
1153353,
1153354,
1153355,
1153356,
1153357,
1153358,
1153359,
1153360,
1153361,
1153362,
1153363,
1153364,
1153365,
1153459,
1153460,
1153461,
1153462,
1153463,
1153464,
1153465,
1153466,
1153467,
1153468,
1153469,
1153470,
1153471,
1153472,
1153473,
1153474,
1153475,
1153476,
1153477,
1153478,
1153479,
1153480,
1153481,
1153482,
1153483,
1153484,
1153485,
1153486,
1153487,
1153488,
1153489,
1153490,
1153491,
1153492,
1153493,
1153494,
1153587,
1153588,
1153589,
1153590,
1153591,
1153592,
1153593,
1153594,
1153595,
1153596,
1153597,
1153598,
1153599,
1153600,
1153601,
1153602,
1153603,
1153604,
1153605,
1153606,
1153607,
1153608,
1153609,
1153610,
1153611,
1153612,
1153613,
1153614,
1153615,
1153616,
1153617,
1153618,
1153619,
1153620,
1153621,
1153622,
1153715,
1153716,
1153717,
1153718,
1153719,
1153720,
1153721,
1153722,
1153723,
1153724,
1153725,
1153726,
1153727,
1153728,
1153729,
1153730,
1153731,
1153732,
1153733,
1153734,
1153735,
1153736,
1153737,
1153738,
1153739,
1153740,
1153741,
1153742,
1153743,
1153744,
1153745,
1153746,
1153747,
1153748,
1153749,
1153750,
1153843,
1153844,
1153845,
1153846,
1153847,
1153848,
1153849,
1153850,
1153851,
1153852,
1153853,
1153854,
1153855,
1153856,
1153857,
1153858,
1153859,
1153860,
1153861,
1153862,
1153863,
1153864,
1153865,
1153866,
1153867,
1153868,
1153869,
1153870,
1153871,
1153872,
1153873,
1153874,
1153875,
1153876,
1153877,
1153878,
1153972,
1153973,
1153974,
1153975,
1153976,
1153977,
1153978,
1153979,
1153980,
1153981,
1153982,
1153983,
1153984,
1153985,
1153986,
1153987,
1153988,
1153989,
1153990,
1153991,
1153992,
1153993,
1153994,
1153995,
1154101,
1154102,
1154103,
1154104,
1154105,
1154106,
1154107,
1154108,
1154109,
1154110,
1154111,
1154112,
1154113,
1154114,
1154115,
1154116,
1154117,
1154118,
1154243,
1169340,
1169341,
1169342,
1169343,
1169344,
1169345,
1169346,
1169347,
1169348,
1169349,
1169350,
1169351,
1169352,
1169463,
1169464,
1169465,
1169466,
1169467,
1169468,
1169469,
1169470,
1169471,
1169472,
1169473,
1169474,
1169475,
1169476,
1169477,
1169478,
1169479,
1169480,
1169481,
1169482,
1169483,
1169484,
1169485,
1169486,
1169487,
1169587,
1169588,
1169589,
1169590,
1169591,
1169592,
1169593,
1169594,
1169595,
1169596,
1169597,
1169598,
1169599,
1169600,
1169601,
1169602,
1169603,
1169604,
1169605,
1169606,
1169607,
1169608,
1169609,
1169610,
1169611,
1169612,
1169613,
1169614,
1169615,
1169616,
1169617,
1169715,
1169716,
1169717,
1169718,
1169719,
1169720,
1169721,
1169722,
1169723,
1169724,
1169725,
1169726,
1169727,
1169728,
1169729,
1169730,
1169731,
1169732,
1169733,
1169734,
1169735,
1169736,
1169737,
1169738,
1169739,
1169740,
1169741,
1169742,
1169743,
1169744,
1169745,
1169746,
1169747,
1169748,
1169843,
1169844,
1169845,
1169846,
1169847,
1169848,
1169849,
1169850,
1169851,
1169852,
1169853,
1169854,
1169855,
1169856,
1169857,
1169858,
1169859,
1169860,
1169861,
1169862,
1169863,
1169864,
1169865,
1169866,
1169867,
1169868,
1169869,
1169870,
1169871,
1169872,
1169873,
1169874,
1169875,
1169876,
1169971,
1169972,
1169973,
1169974,
1169975,
1169976,
1169977,
1169978,
1169979,
1169980,
1169981,
1169982,
1169983,
1169984,
1169985,
1169986,
1169987,
1169988,
1169989,
1169990,
1169991,
1169992,
1169993,
1169994,
1169995,
1169996,
1169997,
1169998,
1169999,
1170000,
1170001,
1170002,
1170003,
1170004,
1170005,
1170099,
1170100,
1170101,
1170102,
1170103,
1170104,
1170105,
1170106,
1170107,
1170108,
1170109,
1170110,
1170111,
1170112,
1170113,
1170114,
1170115,
1170116,
1170117,
1170118,
1170119,
1170120,
1170121,
1170122,
1170123,
1170124,
1170125,
1170126,
1170127,
1170128,
1170129,
1170130,
1170131,
1170132,
1170133,
1170134,
1170227,
1170228,
1170229,
1170230,
1170231,
1170232,
1170233,
1170234,
1170235,
1170236,
1170237,
1170238,
1170239,
1170240,
1170241,
1170242,
1170243,
1170244,
1170245,
1170246,
1170247,
1170248,
1170249,
1170250,
1170251,
1170252,
1170357,
1170358,
1170359,
1170360,
1170361,
1170362,
1170363,
1170364,
1170365,
1170366,
1170367,
1170368,
1170369,
1170370,
1170371,
1170372,
1170373,
1170374,
1170375,
1170376,
1170377,
1170378,
1170379,
1170497,
1170498,
1170499,
1170500,
1170501,
1185724,
1185725,
1185726,
1185727,
1185728,
1185729,
1185730,
1185731,
1185732,
1185733,
1185734,
1185735,
1185736,
1185847,
1185848,
1185849,
1185850,
1185851,
1185852,
1185853,
1185854,
1185855,
1185856,
1185857,
1185858,
1185859,
1185860,
1185861,
1185862,
1185863,
1185864,
1185865,
1185866,
1185867,
1185868,
1185869,
1185870,
1185871,
1185872,
1185971,
1185972,
1185973,
1185974,
1185975,
1185976,
1185977,
1185978,
1185979,
1185980,
1185981,
1185982,
1185983,
1185984,
1185985,
1185986,
1185987,
1185988,
1185989,
1185990,
1185991,
1185992,
1185993,
1185994,
1185995,
1185996,
1185997,
1185998,
1185999,
1186000,
1186099,
1186100,
1186101,
1186102,
1186103,
1186104,
1186105,
1186106,
1186107,
1186108,
1186109,
1186110,
1186111,
1186112,
1186113,
1186114,
1186115,
1186116,
1186117,
1186118,
1186119,
1186120,
1186121,
1186122,
1186123,
1186124,
1186125,
1186126,
1186127,
1186128,
1186129,
1186227,
1186228,
1186229,
1186230,
1186231,
1186232,
1186233,
1186234,
1186235,
1186236,
1186237,
1186238,
1186239,
1186240,
1186241,
1186242,
1186243,
1186244,
1186245,
1186246,
1186247,
1186248,
1186249,
1186250,
1186251,
1186252,
1186253,
1186254,
1186255,
1186256,
1186257,
1186355,
1186356,
1186357,
1186358,
1186359,
1186360,
1186361,
1186362,
1186363,
1186364,
1186365,
1186366,
1186367,
1186368,
1186369,
1186370,
1186371,
1186372,
1186373,
1186374,
1186375,
1186376,
1186377,
1186378,
1186379,
1186380,
1186381,
1186382,
1186383,
1186384,
1186385,
1186484,
1186485,
1186486,
1186487,
1186488,
1186489,
1186490,
1186491,
1186492,
1186493,
1186494,
1186495,
1186496,
1186497,
1186498,
1186499,
1186500,
1186501,
1186502,
1186503,
1186504,
1186505,
1186506,
1186507,
1186508,
1186509,
1186510,
1186511,
1186512,
1186618,
1186619,
1186620,
1186621,
1186622,
1186623,
1186624,
1186625,
1186626,
1186627,
1186628,
1186629,
1186753,
1186754,
1186755,
1186756,
1186757,
1202109,
1202110,
1202111,
1202112,
1202113,
1202114,
1202115,
1202116,
1202117,
1202118,
1202119,
1202120,
1202231,
1202232,
1202233,
1202234,
1202235,
1202236,
1202237,
1202238,
1202239,
1202240,
1202241,
1202242,
1202243,
1202244,
1202245,
1202246,
1202247,
1202248,
1202249,
1202250,
1202251,
1202252,
1202357,
1202358,
1202359,
1202360,
1202361,
1202362,
1202363,
1202364,
1202365,
1202366,
1202367,
1202368,
1202369,
1202370,
1202371,
1202372,
1202373,
1202374,
1202375,
1202376,
1202377,
1202378,
1202379,
1202380,
1202381,
1202382,
1202383,
1202384,
1202485,
1202486,
1202487,
1202488,
1202489,
1202490,
1202491,
1202492,
1202493,
1202494,
1202495,
1202496,
1202497,
1202498,
1202499,
1202500,
1202501,
1202502,
1202503,
1202504,
1202505,
1202506,
1202507,
1202508,
1202509,
1202510,
1202511,
1202512,
1202613,
1202614,
1202615,
1202616,
1202617,
1202618,
1202619,
1202620,
1202621,
1202622,
1202623,
1202624,
1202625,
1202626,
1202627,
1202628,
1202629,
1202630,
1202631,
1202632,
1202633,
1202634,
1202635,
1202636,
1202637,
1202638,
1202639,
1202640,
1202746,
1202747,
1202748,
1202749,
1202750,
1202751,
1202752,
1202753,
1202754,
1202755,
1202756,
1202757,
1202758,
1202762,
1202763,
1202764,
1202765,
1202766,
1202767,
1202881,
1202882,
1202883,
1202884,
1202885,
1218494,
1218495,
1218496,
1218497,
1218498,
1218620,
1218621,
1218622,
1218623,
1218624,
1218625,
1218626,
1218627,
1218628,
1218629,
1218630,
1218631,
1218632,
1218633,
1218634,
1218635,
1218636,
1218748,
1218749,
1218750,
1218751,
1218752,
1218753,
1218754,
1218755,
1218756,
1218757,
1218758,
1218759,
1218760,
1218761,
1218762,
1218763,
1218876,
1218877,
1218878,
1218879,
1218880,
1218881,
1218882,
1218883,
1218884,
1218885,
1218886,
1218887,
1218888,
1218889,
1218890,
1218891,
1219009,
1219010,
1219011,
1219012,
1219013,
1219014,
